119946290
119946345
119946620
119946650
119946657
119946691
119946716
119946730
119946750
119946764
119946781
119946801
119946802
119946822
119946824
119946830
119946852
119946887
119946927
119946959
119946963
119946975
119946984
119947000
119947003
119947004
119947018
119947021
119947027
119947053
119947250
119947267
119947326
119947434
119947444
119947452
119947493
119947521
119947553
119947585
119947603
119947640
119947652
119947690
119947693
119947845
119947882
119947906
119947977
119948049
119948051
119948060
119948103
119948158
119948233
119948235
119948282
119948354
119948405
119948438
119948447
119948451
119948514
119948544
119948592
119948600
119948604
119948649
119948705
119948706
119948722
119948853
119948908
119948979
119949005
119949084
119949196
119949217
119949254
119949285
119949299
119949304
119949308
119949312
119949327
119949357
119949417
119949571
119949605
119949631
119949650
119949679
119949683
119949708
119949710
119949768
119949830
119949920
119949921
119949989
119949990
119950115
119950156
119950165
119950236
119950249
119950302
119950307
119950369
119950380
119950438
119950536
119950540
119950555
119950558
119950583
119950700
119950728
119950777
119950791
119950801
119950843
119950876
119951083
119951368
119951378
119951404
119951455
119951470
119951481
119951507
119951534
119951574
119951639
119951666
119951686
119951722
119951796
119951837
119951934
119951938
119951939
119951961
119951968
119951969
119951972
119951988
119951998
119952090
119952114
119952125
119952129
119952139
119952145
119952164
119952217
119952224
119952241
119952244
119952254
119952366
119952396
119952400
119952431
119952442
119952518
119952561
119952572
119952579
119952585
119952602
119952609
119952615
119952631
119952634
119952716
119952717
119952806
119952807
119952833
119952855
119952877
119952878
119952901
119952910
119952959
119952993
119953059
119953182
119953197
119953199
119953253
119953258
119953412
119953413
119953446
119953464
119953560
119953569
119953600
119953656
119953710
119953711
119953801
119953818
119953832
119953896
119953921
119953925
119953930
119953942
119953962
119953975
119953980
119953994
119954119
119954129
119954166
119954196
119954197
119954204
119954260
119954453
119954469
119954486
119954501
119954592
119954600
119954601
119954638
119954661
119954681
119954691
119954729
119954730
119954733
119954744
119954747
119954756
119954779
119954791
119954803
119954808
119954811
119954816
119954817
119954867
119954882
119954893
119954912
119954935
119954937
119955009
119955045
119955054
119955074
119955075
119955098
119955105
119955169
119955175
119955260
119955419
119955455
119955496
119955522
119955581
119955582
119955632
119955676
119955744
119955824
119955873
119955885
119955912
119955933
119955951
119955985
119956017
119956022
119956062
119956133
119956176
119956177
119956183
119956219
119956352
119956399
119956469
119956589
119956624
119956633
119956663
119956673
119956731
119956782
119956864
119956910
119957100
119957146
119957155
119957156
119957190
119957234
119957236
119957245
119957252
119957344
119957392
119957417
119957418
119957430
119957432
119957445
119957492
119957493
119957516
119957562
119957605
119957620
119957690
119957734
119957751
119957758
119957774
119957884
119957892
119957956
119958007
119958166
119958184
119958211
119958258
119958288
119958312
119958465
119958475
119958481
119958490
119958525
119958562
119958677
119958691
119958732
119958740
119958754
119958820
119958845
119958918
119958927
119958933
119958938
119958986
119958994
119959007
119959029
119959108
119959181
119959199
119959215
119959296
119959382
119959385
119959436
119959521
119959559
119959560
119959608
119959653
119959772
119959872
119959922
119959929
119960054
119960126
119960136
119960171
119960173
119960184
119960201
119960227
119960235
119960245
119960247
119960263
119960318
119960337
119960372
119960395
119960400
119960413
119960424
119960502
119960568
119960576
119960577
119960599
119960617
119960650
119960671
119960705
119960797
119960806
119960814
119960819
119960839
119960904
119960916
119960919
119960942
119960950
119960960
119960967
119960972
119961068
119961090
119961102
119961158
119961168
119961183
119961203
119961255
119961344
119961392
119961467
119961468
119961483
119961490
119961692
119961767
119961782
119961813
119961839
119961861
119962012
119962050
119962095
119962167
119962171
119962232
119962322
119962414
119962446
119962468
119962469
119962493
119962514
119962524
119962525
119962570
119962573
119962596
119962628
119962718
119962727
119962782
119962784
119962797
119962892
119962957
119962958
119962967
119963133
119963195
119963247
119963280
119963296
119963315
119963355
119963399
119963440
119963510
119963539
119963578
119963603
119963685
119963694
119963703
119963739
119963771
119963782
119963823
119963831
119963888
119963923
119964057
119964108
119964146
119964225
119964465
119964498
119964545
119964664
119964687
119964734
119964767
119964830
119964841
119964844
119964915
119965015
119965114
119965136
119965166
119965217
119965317
119965344
119965359
119965418
119965419
119965431
119965439
119965446
119965578
119965603
119965640
119965657
119965659
119965733
119965746
119965764
119965843
119965856
119965896
119965939
119966024
119966026
119966030
119966031
119966124
119966138
119966151
119966199
119966210
119966322
119966350
119966355
119966361
119966412
119966526
119966590
119966628
119966653
119966654
119966660
119966708
119966720
119966736
119966755
119966758
119966777
119966836
119966842
119966883
119967055
119967094
119967153
119967188
119967230
119967234
119967236
119967240
119967264
119967281
119967462
119967477
119967481
119967522
119967549
119967583
119967680
119967682
119967696
119967791
119967806
119967823
119967868
119968036
119968094
119968140
119968141
119968241
119968368
119968457
119968469
119968516
119968566
119968601
119968724
119968725
119968726
119968829
119968830
119968836
119968844
119968955
119969008
119969023
119969071
119969109
119969133
119969152
119969155
119969195
119969227
119969232
119969240
119969297
119969299
119969332
119969379
119969381
119969400
119969453
119969495
119969561
119969562
119969568
119969625
119969718
119969742
119969763
119969908
119969924
119969925
119969943
119970011
119970060
119970068
119970074
119970077
119970162
119970194
119970250
119970298
119970310
119970311
119970312
119970349
119970375
119970376
119970398
119970426
119970522
119970523
119970543
119970595
119970613
119970648
119970652
119970705
119970707
119970750
119970751
119970760
119970794
119970807
119970822
119970868
119970902
119970904
119970970
119970990
119970993
119971009
119971028
119971132
119971135
119971159
119971402
119971456
119971486
119971492
119971566
119971567
119971622
119971671
119971755
119971794
119971871
119971872
119971883
119971941
119971974
119972044
119972161
119972163
119972185
119972315
119972316
119972349
119972371
119972448
119972523
119972658
119972660
119972948
119973017
119973069
119973502
119973510
119973511
119973523
119973532
119973566
119973585
119973729
119973946
119973965
119973973
119974013
119974016
119974017
119974062
119974063
119974064
119974128
119974157
119974258
119974458
119974505
119974536
119974587
119974599
119974612
119974632
119974641
119974669
119974690
119974691
119974712
119974757
119974761
119974770
119974814
119974834
119974849
119974856
119974903
119975022
119975141
119975155
119975172
119975219
119975224
119975236
119975237
119975292
119975308
119975342
119975353
119975423
119975428
119975450
119975472
119975504
119975511
119975576
119975578
119975650
119975708
119975758
119975803
119975810
119975874
119975875
119975959
119976047
119976051
119976062
119976084
119976129
119976143
119976185
119976198
119976241
119976377
119976395
119976470
119976482
119976507
119976531
119976567
119976688
119976690
119976693
119976698
119976750
119976778
119976779
119976792
119976804
119976874
119976883
119976893
119976970
119976994
119977130
119977147
119977151
119977181
119977184
119977228
119977243
119977254
119977255
119977288
119977333
119977356
119977555
119977646
119977658
119977660
119977675
119977700
119977742
119977757
119977807
119977821
119977833
119977849
119977857
119977917
119977918
119977932
119978025
119978037
119978092
119978118
119978210
119978234
119978245
119978260
119978274
119978275
119978286
119978341
119978357
119978378
119978384
119978491
119978504
119978509
119978512
119978625
119978633
119978664
119978665
119978686
119978713
119978726
119978729
119978737
119978761
119978777
119978796
119978861
119978867
119978916
119978998
119979028
119979041
119979077
119979081
119979121
119979132
119979184
119979188
119979200
119979215
119979305
119979306
119979314
119979380
119979415
119979434
119979474
119979496
119979505
119979514
119979568
119979574
119979580
119979589
119979597
119979662
119979714
119979715
119979782
119979786
119979812
119979842
119979858
119979877
119979940
119979962
119979966
119979969
119980012
119980029
119980043
119980060
119980090
119980091
119980158
119980174
119980194
119980196
119980197
119980212
119980230
119980241
119980280
119980310
119980311
119980316
119980343
119980348
119980355
119980452
119980461
119980462
119980465
119980499
119980550
119980603
119980626
119980631
119980705
119980710
119980711
119980747
119980752
119980777
119980779
119980784
119980793
119980858
119980893
119980912
119980988
119980990
119981016
119981022
119981028
119981040
119981107
119981138
119981222
119981231
119981233
119981235
119981266
119981267
119981309
119981365
119981375
119981386
119981391
119981393
119981429
119981489
119981542
119981553
119981563
119981566
119981575
119981599
119981677
119981691
119981716
119981736
119981762
119981769
119981801
119981835
119981856
119981873
119981978
119982056
119982098
119982168
119982169
119982224
119982233
119982234
119982277
119982283
119982309
119982325
119982347
119982370
119982371
119982386
119982401
119982410
119982455
119982472
119982483
119982515
119982520
119982574
119982625
119982712
119982716
119982720
119982745
119982823
119982885
119982929
119982956
119982988
119982999
119983056
119983120
119983121
119983219
119983233
119983251
119983359
119983366
119983378
119983387
119983405
119983421
119983432
119983451
119983466
119983470
119983490
119983506
119983565
119983643
119983645
119983677
119983686
119983698
119983705
119983723
119983727
119983734
119983735
119983803
119983849
119983851
119983868
119983872
119983885
119983889
119983892
119983898
119983903
119983920
119983928
119983954
119983955
119983997
119984028
119984037
119984040
119984048
119984053
119984064
119984139
119984170
119984172
119984175
119984184
119984249
119984253
119984267
119984363
119984380
119984445
119984536
119984545
119984572
119984620
119984638
119984641
119984649
119984650
119984776
119984826
119984828
119984847
119984860
119984935
119985010
119985125
119985163
119985197
119985208
119985259
119985464
119985527
119985570
119985580
119985670
119985705
119985706
119985730
119985741
119985800
119985888
119985891
119985913
119985928
119985937
119985945
119985948
119985983
119985995
119986047
119986094
119986099
119986130
119986136
119986194
119986195
119986198
119986226
119986238
119986248
119986252
119986280
119986325
119986347
119986371
119986386
119986400
119986439
119986444
119986479
119986481
119986487
119986510
119986559
119986560
119986562
119986641
119986642
119986689
119986756
119986760
119986777
119986799
119986809
119986813
119986817
119986826
119986842
119986852
119986901
119986912
119986928
119986933
119986970
119987019
119987021
119987029
119987036
119987076
119987093
119987100
119987106
119987131
119987142
119987149
119987150
119987151
119987152
119987226
119987238
119987265
119987290
119987297
119987298
119987339
119987347
119987381
119987397
119987420
119987421
119987451
119987520
119987547
119987554
119987592
119987596
119987603
119987604
119987616
119987718
119987724
119987812
119987844
119987862
119987903
119987986
119988036
119988088
119988092
119988138
119988156
119988234
119988241
119988243
119988259
119988264
119988273
119988307
119988346
119988347
119988376
119988380
119988422
119988432
119988436
119988457
119988463
119988475
119988482
119988553
119988653
119988679
119988725
119988726
119988744
119988745
119988769
119988828
119988867
119988978
119988993
119989011
119989114
119989213
119989215
119989232
119989247
119989270
119989290
119989294
119989295
119989305
119989335
119989342
119989787
119989873
119989885
119989897
119989953
119989974
119990002
119990059
119990061
119990066
119990089
119990112
119990146
119990172
119990181
119990182
119990246
119990272
119990319
119990530
119990551
119990602
119990618
119990689
119990692
119990705
119990782
119990815
119990829
119990838
119990893
119991019
119991047
119991074
119991091
119991120
119991162
119991201
119991217
119991233
119991286
119991336
119991381
119991382
119991398
119991403
119991519
119991586
119991592
119991620
119991623
119991659
119991700
119991806
119991823
119991859
119991876
119991903
119991904
119991922
119991973
119991991
119992021
119992041
119992046
119992065
119992071
119992074
119992129
119992165
119992175
119992184
119992224
119992248
119992253
119992300
119992348
119992383
119992401
119992450
119992459
119992562
119992567
119992568
119992602
119992628
119992674
119992706
119992734
119992736
119992762
119992774
119992792
119992793
119992798
119992933
119992944
119992950
119993004
119993034
119993058
119993085
119993094
119993118
119993138
119993139
119993142
119993177
119993179
119993189
119993194
119993206
119993241
119993246
119993270
119993274
119993275
119993284
119993295
119993344
119993347
119993349
119993350
119993360
119993408
119993448
119993449
119993486
119993487
119993489
119993522
119993530
119993543
119993558
119993577
119993580
119993594
119993595
119993623
119993628
119993629
119993637
119993643
119993650
119993655
119993697
119993705
119993713
119993714
119993720
119993768
119993774
119993775
119993793
119993823
119993824
119993843
119993928
119993933
119993954
119993996
119993997
119994000
119994005
119994027
119994115
119994219
119994230
119994291
119994324
119994345
119994346
119994441
119994444
119994455
119994490
119994516
119994525
119994566
119994585
119994586
119994622
119994623
119994635
119994644
119994670
119994671
119994757
119994818
119994836
119994874
119994913
119994919
119994920
119994943
119994944
119995051
119995104
119995156
119995162
119995230
119995280
119995312
119995372
119995377
119995378
119995390
119995429
119995441
119995445
119995453
119995455
119995477
119995580
119995675
119995677
119995684
119995698
119995721
119995735
119995740
119995774
119995787
119995790
119995804
119995833
119995908
119995933
119995940
119995974
119995990
119996003
119996013
119996029
119996032
119996047
119996069
119996082
119996121
119996127
119996148
119996149
119996164
119996172
119996203
119996217
119996257
119996259
119996273
119996355
119996380
119996381
119996506
119996517
119996520
119996521
119996584
119996661
119996672
119996673
119996678
119996701
119996704
119996748
119996755
119996756
119996773
119996798
119996815
119996826
119996827
119996841
119996863
119996899
119996900
119996920
119996933
119996981
119996984
119996988
119997011
119997051
119997056
119997128
119997167
119997183
119997472
119997510
119997529
119997557
119997561
119997574
119997599
119997621
119997623
119997690
119997691
119997768
119997774
119997914
119998044
119998138
119998158
119998168
119998170
119998399
119998414
119998415
119998444
119998455
119998462
119998463
119998520
119998591
119998615
119998669
119998719
119998740
119998748
119998860
119998903
119998950
119999005
119999039
119999061
119999065
119999088
119999175
119999212
119999223
119999228
119999243
119999284
119999300
119999302
119999313
119999369
119999390
119999399
119999422
119999433
119999449
119999450
119999511
119999605
119999634
119999716
119999742
119999759
119999760
119999787
119999810
119999922
119999931
119999932
119999946
119999965
119999966
119999973
119999993
120000006
120000032
120000066
120000083
120000085
120000099
120000111
120000113
120000133
120000167
120000223
120000227
120000234
120000238
120000247
120000285
120000286
120000291
120000306
120000376
120000425
120000439
120000469
120000479
120000482
120000519
120000642
120000692
120000779
120000788
120000813
120000879
120000938
120000977
120001028
120001064
120001076
120001108
120001115
120001116
120001149
120001182
120001222
120001231
120001232
120001240
120001268
120001276
120001334
120001364
120001368
120001385
120001388
120001591
120001615
120001715
120001786
120001790
120001799
120001849
120001865
120001931
120001943
120001956
120001984
120001985
120001992
120002025
120002061
120002083
120002093
120002094
120002204
120002313
120002319
120002339
120002361
120002374
120002454
120002513
120002514
120002522
120002529
120002559
120002561
120002562
120002604
120002629
120002630
120002756
120002774
120002852
120002951
120003015
120003016
120003074
120003150
120003154
120003165
120003190
120003219
120003226
120003234
120003322
120003329
120003335
120003343
120003406
120003516
120003583
120003603
120003794
120003811
120003814
120003820
120003831
120003843
120003848
120003921
120003935
120003957
120003975
120003980
120003991
120003992
120003995
120004024
120004086
120004090
120004119
120004126
120004129
120004201
120004246
120004264
120004273
120004302
120004305
120004341
120004371
120004373
120004381
120004472
120004547
120004562
120004583
120004637
120004661
120004762
120004835
120004847
120004917
120004969
120004974
120004976
120005010
120005013
120005017
120005072
120005106
120005107
120005190
120005222
120005225
120005248
120005261
120005269
120005311
120005316
120005443
120005454
120005459
120005514
120005590
120005609
120005648
120005680
120005694
120005732
120005812
120005850
120005863
120005865
120005870
120005886
120005932
120006037
120006068
120006084
120006134
120006138
120006141
120006144
120006146
120006153
120006156
120006220
120006248
120006379
120006386
120006405
120006421
120006432
120006473
120006508
120006605
120006616
120006638
120006648
120006716
120006803
120006805
120006821
120006824
120006834
120006838
120006860
120006883
120006896
120006902
120006922
120006923
120007196
120007220
120007231
120007284
120007391
120007442
120007443
120007445
120007452
120007501
120007561
120007587
120007597
120007650
120007660
120007709
120007729
120007752
120007757
120007796
120007859
120007860
120007933
120007953
120007975
120007993
120008090
120008091
120008117
120008147
120008173
120008195
120008199
120008202
120008209
120008241
120008295
120008354
120008364
120008369
120008544
120008568
120008595
120008637
120008638
120008659
120008729
120008752
120008822
120008860
120008908
120008938
120008961
120009221
120009242
120009291
120009297
120009307
120009325
120009352
120009382
120009407
120009475
120009549
120009622
120009745
120009768
120009881
120009905
120009965
120009975
120010052
120010125
120010157
120010171
120010177
120010190
120010288
120010393
120010409
120010424
120010433
120010499
120010502
120010545
120010548
120010550
120010569
120010658
120010725
120010800
120010802
120010808
120010814
120010862
120010921
120010924
120010945
120010954
120010984
120011008
120011064
120011068
120011076
120011124
120011137
120011160
120011186
120011207
120011210
120011376
120011385
120011442
120011448
120011453
120011454
120011478
120011552
120011567
120011576
120011629
120011662
120011669
120011682
120011686
120011701
120011704
120011759
120011790
120011797
120011836
120011875
120011880
120011882
120011883
120011903
120011905
120011907
120011923
120011970
120011988
120011992
120012020
120012025
120012056
120012074
120012138
120012147
120012205
120012252
120012260
120012262
120012296
120012336
120012364
120012371
120012372
120012396
120012413
120012464
120012528
120012546
120012547
120012589
120012637
120012701
120012748
120012760
120012762
120012777
120012805
120012814
120012852
120012854
120012855
120012878
120012950
120012971
120013002
120013024
120013047
120013048
120013080
120013096
120013230
120013239
120013300
120013367
120013369
120013377
120013392
120013449
120013463
120013516
120013657
120013710
120013713
120013727
120013728
120013729
120013817
120013830
120013846
120013935
120013940
120014008
120014010
120014032
120014137
120014148
120014149
120014195
120014238
120014349
120014370
120014390
120014498
120014524
120014537
120014561
120014582
120014588
120014641
120014649
120014705
120014711
120014712
120014730
120014733
120014734
120014829
120014835
120014867
120014875
120014893
120014904
120014912
120015033
120015070
120015090
120015102
120015115
120015119
120015282
120015288
120015331
120015337
120015352
120015405
120015426
120015441
120015460
120015466
120015490
120015500
120015507
120015556
120015559
120015576
120015628
120015662
120015667
120015731
120015733
120015735
120015737
120015761
120015819
120015842
120015844
120015845
120015847
120015975
120015976
120015985
120015999
120016017
120016059
120016140
120016146
120016174
120016182
120016216
120016246
120016292
120016348
120016349
120016354
120016410
120016494
120016509
120016524
120016587
120016704
120016715
120016769
120016772
120016781
120016786
120016841
120016850
120016861
120016882
120016906
120016927
120016959
120016960
120017026
120017069
120017105
120017107
120017144
120017177
120017196
120017234
120017244
120017299
120017306
120017367
120017427
120017438
120017508
120017595
120017623
120017642
120017653
120017667
120017683
120017714
120017718
120017719
120017753
120017851
120017884
120017897
120017900
120017941
120017979
120018106
120018149
120018152
120018171
120018182
120018215
120018230
120018259
120018298
120018329
120018334
120018354
120018355
120018377
120018396
120018446
120018476
120018479
120018519
120018600
120018620
120018621
120018693
120018739
120018787
120018829
120018841
120018860
120018942
120018950
120018964
120019006
120019012
120019031
120019038
120019041
120019092
120019110
120019125
120019171
120019187
120019189
120019220
120019239
120019253
120019261
120019354
120019356
120019357
120019542
120019623
120019654
120019681
120019701
120019714
120019745
120019838
120019862
120019916
120019955
120020039
120020042
120020094
120020121
120020192
120020193
120020259
120020263
120020282
120020645
120020699
120020722
120020787
120020892
120020924
120020950
120020956
120021071
120021110
120021111
120021169
120021223
120021288
120021309
120021329
120021367
120021375
120021378
120021477
120021498
120021546
120021660
120021665
120021805
120021809
120021845
120021865
120021876
120021889
120021892
120021897
120021915
120022002
120022084
120022106
120022134
120022160
120022214
120022279
120022341
120022355
120022396
120022426
120022509
120022511
120022579
120022593
120022664
120022790
120022840
120022849
120022925
120023051
120023097
120023112
120023121
120023132
120023246
120023268
120023271
120023308
120023313
120023354
120023376
120023396
120023417
120023476
120023620
120023805
120023810
120023876
120023979
120024017
120024048
120024071
120024116
120024137
120024182
120024185
120024224
120024272
120024322
120024365
120024394
120024569
120024587
120024615
120024669
120024731
120024737
120024776
120024784
120024829
120024830
120024856
120024857
120024873
120024917
120024924
120024926
120024930
120024957
120024990
120025014
120025021
120025025
120025141
120025174
120025175
120025187
120025199
120025273
120025295
120025334
120025348
120025352
120025384
120025389
120025395
120025399
120025442
120025483
120025508
120025513
120025580
120025597
120025602
120025603
120025623
120025627
120025684
120025689
120025696
120025714
120025719
120025720
120025777
120025790
120025859
120025877
120025893
120025990
120025996
120026022
120026029
120026069
120026138
120026167
120026170
120026186
120026226
120026254
120026297
120026319
120026323
120026361
120026364
120026368
120026374
120026375
120026381
120026390
120026411
120026422
120026433
120026434
120026445
120026459
120026484
120026488
120026489
120026493
120026503
120026506
120026507
120026517
120026534
120026538
120026540
120026550
120026551
120026553
120026556
120026585
120026588
120026590
120026600
120026627
120026642
120026644
120026647
120026656
120026658
120026660
120026670
120026690
120026695
120026752
120026756
120026759
120026787
120026804
120026863
120026870
120026871
120026886
120026988
120027077
120027150
120027183
120027257
120027267
120027277
120027282
120027290
120027298
120027313
120027326
120027330
120027380
120027381
120027382
120027385
120027426
120027432
120027468
120027470
120027471
120027494
120027511
120027522
120027523
120027581
120027589
120027634
120027640
120027660
120027670
120027678
120027706
120027707
120027749
120027786
120027793
120027794
120027798
120027827
120027828
120027911
120028008
120028029
120028039
120028060
120028067
120028068
120028230
120028234
120028322
120028352
120028384
120028404
120028451
120028474
120028523
120028548
120028549
120028562
120028606
120028666
120028670
120028684
120028717
120028725
120028751
120028784
120028803
120028847
120028858
120028964
120028965
120028967
120028969
120029228
120029247
120029249
120029268
120029301
120029340
120029366
120029384
120029402
120029427
120029468
120029480
120029565
120029694
120029699
120029735
120029811
120029889
120029931
120029965
120029999
120030016
120030041
120030119
120030132
120030214
120030232
120030320
120030334
120030390
120030455
120030456
120030481
120030591
120030607
120030608
120030618
120030695
120030726
120030727
120030748
120030751
120030889
120030911
120031104
120031195
120031211
120031224
120031253
120031261
120031270
120031396
120031408
120031415
120031425
120031464
120031465
120031540
120031545
120031590
120031629
120031656
120031683
120031714
120031736
120031744
120031764
120031766
120031810
120031994
120032009
120032058
120032121
120032122
120032137
120032193
120032195
120032215
120032254
120032276
120032278
120032342
120032351
120032393
120032394
120032433
120032488
120032515
120032608
120032653
120032757
120032812
120032823
120032848
120032898
120032989
120033002
120033009
120033017
120033031
120033087
120033092
120033102
120033110
120033129
120033149
120033176
120033213
120033255
120033398
120033412
120033502
120033540
120033574
120033590
120033630
120033631
120033647
120033651
120033707
120033730
120033744
120033776
120033777
120033914
120033952
120033955
120033958
120034079
120034100
120034109
120034116
120034117
120034143
120034151
120034159
120034160
120034177
120034212
120034268
120034407
120034436
120034466
120034470
120034530
120034541
120034543
120034544
120034592
120034599
120034606
120034607
120034626
120034637
120034650
120034656
120034669
120034674
120034728
120034831
120034876
120034981
120035002
120035030
120035062
120035105
120035186
120035195
120035234
120035242
120035271
120035286
120035308
120035324
120035335
120035341
120035382
120035445
120035472
120035484
120035498
120035499
120035530
120035618
120035639
120035650
120035693
120035720
120035724
120035725
120035785
120035812
120035949
120036060
120036096
120036134
120036227
120036313
120036329
120036433
120036435
120036463
120036495
120036524
120036526
120036556
120036581
120036632
120036633
120036645
120036651
120036670
120036697
120036707
120036713
120036744
120036794
120036812
120036833
120036848
120036888
120036897
120036962
120036969
120036981
120037004
120037019
120037132
120037161
120037200
120037202
120037219
120037220
120037324
120037388
120037410
120037495
120037550
120037610
120037620
120037634
120037635
120037639
120037671
120037768
120037813
120037842
120037869
120037917
120037924
120037969
120037978
120038003
120038017
120038045
120038046
120038048
120038049
120038087
120038089
120038109
120038132
120038138
120038169
120038205
120038253
120038291
120038303
120038306
120038319
120038407
120038520
120038573
120038581
120038654
120038700
120038818
120038834
120038848
120038982
120039061
120039079
120039080
120039128
120039136
120039179
120039192
120039223
120039288
120039345
120039408
120039569
120039654
120039657
120039729
120039793
120040007
120040012
120040022
120040023
120040045
120040063
120040148
120040190
120040328
120040393
120040467
120040487
120040511
120040512
120040513
120040529
120040571
120040584
120040652
120040685
120040686
120040693
120040697
120040771
120040843
120040999
120041137
120041138
120041147
120041182
120041221
120041227
120041297
120041309
120041312
120041339
120041369
120041479
120041486
120041531
120041691
120041736
120041750
120041871
120041903
120041950
120041951
120041992
120042079
120042400
120042508
120042546
120042557
120042661
120042750
120042777
120042792
120042810
120042845
120042854
120043011
120043073
120043091
120043131
120043149
120043183
120043193
120043227
120043295
120043315
120043339
120043399
120043443
120043448
120043463
120043465
120043475
120043538
120043598
120043629
120043630
120043673
120043674
120043675
120043712
120043780
120043789
120043809
120043845
120043861
120043862
120043941
120044092
120044198
120044259
120044271
120044445
120044479
120044514
120044635
120044721
120044737
120044738
120044748
120044749
120044955
120045044
120045059
120045081
120045118
120045127
120045135
120045187
120045252
120045268
120045275
120045291
120045326
120045367
120045382
120045387
120045395
120045428
120045434
120045437
120045454
120045479
120045506
120045524
120045546
120045612
120045615
120045622
120045630
120045673
120045698
120045708
120045728
120045761
120045773
120045776
120045834
120045888
120045934
120045942
120046003
120046062
120046162
120046200
120046254
120046258
120046259
120046262
120046285
120046323
120046334
120046344
120046359
120046365
120046424
120046450
120046457
120046459
120046615
120046620
120046643
120046680
120046759
120046834
120046889
120046930
120047083
120047098
120047180
120047271
120047272
120047521
120047546