CAE10_120012637  0.000000000  0 1.000000e+00
CAE10_120012701  0.135508556  1 7.127876e-01
CAE10_120012748  0.276897507  1 5.987419e-01
CAE10_120012760  2.770704958  1 9.600387e-02
CAE10_120012762  0.020400000  1 8.864256e-01
CAE10_120012777  0.004999510  1 9.436308e-01
CAE10_120012805  0.020400000  1 8.864256e-01
CAE10_120012814  1.767626754  1 1.836761e-01
CAE10_120012852  4.338541667  1 3.725882e-02
CAE10_120012854  4.338541667  1 3.725882e-02
CAE10_120012855  0.004999510  1 9.436308e-01
CAE10_120012878  0.046831956  1 8.286706e-01
CAE10_120012950  4.338541667  1 3.725882e-02
CAE10_120012971  0.000000000  0 1.000000e+00
CAE10_120013002  4.245507210  1 3.935431e-02
CAE10_120013024  1.767626754  1 1.836761e-01
CAE10_120013047  0.046831956  1 8.286706e-01
CAE10_120013048  0.046831956  1 8.286706e-01
CAE10_120013080  4.338541667  1 3.725882e-02
CAE10_120013096  3.413762507  1 6.465487e-02
CAE10_120013230  0.000000000  0 1.000000e+00
CAE10_120013239  0.000000000  0 1.000000e+00
CAE10_120013300  4.338541667  1 3.725882e-02
CAE10_120013367  3.047407407  1 8.086614e-02
CAE10_120013369  0.000000000  0 1.000000e+00
CAE10_120013377  0.000000000  0 1.000000e+00
CAE10_120013392  0.000000000  0 1.000000e+00
CAE10_120013449  0.000000000  0 1.000000e+00
CAE10_120013463  0.000000000  0 1.000000e+00
CAE10_120013516  0.004999510  1 9.436308e-01
CAE10_120013657  0.000000000  0 1.000000e+00
CAE10_120013710  0.046831956  1 8.286706e-01
CAE10_120013713  0.000000000  0 1.000000e+00
CAE10_120013727  4.338541667  1 3.725882e-02
CAE10_120013728  0.000000000  0 1.000000e+00
CAE10_120013729  0.000000000  0 1.000000e+00
CAE10_120013817  0.000000000  0 1.000000e+00
CAE10_120013830  4.338541667  1 3.725882e-02
CAE10_120013846  0.000000000  0 1.000000e+00
CAE10_120013935  0.046831956  1 8.286706e-01
CAE10_120013940  0.651720227  1 4.194983e-01
CAE10_120014008  0.046831956  1 8.286706e-01
CAE10_120014010  0.276897507  1 5.987419e-01
CAE10_120014032  0.000000000  0 1.000000e+00
CAE10_120014137  0.000000000  0 1.000000e+00
CAE10_120014148  7.784213975  1 5.270472e-03
CAE10_120014149  4.245507210  1 3.935431e-02
CAE10_120014195  4.338541667  1 3.725882e-02
CAE10_120014238  4.338541667  1 3.725882e-02
CAE10_120014349  0.000000000  0 1.000000e+00
CAE10_120014370  4.338541667  1 3.725882e-02
CAE10_120014390  0.000000000  0 1.000000e+00
CAE10_120014498  4.338541667  1 3.725882e-02
CAE10_120014524  0.000000000  0 1.000000e+00
CAE10_120014537  4.338541667  1 3.725882e-02
CAE10_120014561  0.020400000  1 8.864256e-01
CAE10_120014582  0.000000000  0 1.000000e+00
CAE10_120014588  0.369397918  1 5.433326e-01
CAE10_120014641  0.000000000  0 1.000000e+00
CAE10_120014649  0.000000000  0 1.000000e+00
CAE10_120014705  0.000000000  0 1.000000e+00
CAE10_120014711  4.338541667  1 3.725882e-02
CAE10_120014712  4.338541667  1 3.725882e-02
CAE10_120014730  8.118839914  1 4.380758e-03
CAE10_120014733  0.000000000  0 1.000000e+00
CAE10_120014734  1.272401332  1 2.593167e-01
CAE10_120014829  2.900305686  1 8.856276e-02
CAE10_120014835  4.338541667  1 3.725882e-02
CAE10_120014867  0.000000000  0 1.000000e+00
CAE10_120014875  0.046831956  1 8.286706e-01
CAE10_120014893  4.338541667  1 3.725882e-02
CAE10_120014904  0.000000000  0 1.000000e+00
CAE10_120014912  0.000000000  0 1.000000e+00
CAE10_120015033  0.000000000  0 1.000000e+00
CAE10_120015070  9.576666667  1 1.970659e-03
CAE10_120015090  4.338541667  1 3.725882e-02
CAE10_120015102  2.295957539  1 1.297112e-01
CAE10_120015115  2.295957539  1 1.297112e-01
CAE10_120015119  0.000000000  0 1.000000e+00
CAE10_120015282  0.000000000  0 1.000000e+00
CAE10_120015288  0.000000000  0 1.000000e+00
CAE10_120015331  6.750813663  1 9.370494e-03
CAE10_120015337  0.000000000  0 1.000000e+00
CAE10_120015352  0.000000000  0 1.000000e+00
CAE10_120015405  5.716049149  1 1.681052e-02
CAE10_120015426  4.338541667  1 3.725882e-02
CAE10_120015441  4.338541667  1 3.725882e-02
CAE10_120015460  4.338541667  1 3.725882e-02
CAE10_120015466  2.295957539  1 1.297112e-01
CAE10_120015490  1.101360466  1 2.939677e-01
CAE10_120015500  0.000000000  0 1.000000e+00
CAE10_120015507  2.295957539  1 1.297112e-01
CAE10_120015556  0.000000000  0 1.000000e+00
CAE10_120015559  0.020400000  1 8.864256e-01
CAE10_120015576  0.000000000  0 1.000000e+00
CAE10_120015628  4.338541667  1 3.725882e-02
CAE10_120015662  6.750813663  1 9.370494e-03
CAE10_120015667  0.000000000  0 1.000000e+00
CAE10_120015731  0.000000000  0 1.000000e+00
CAE10_120015733  0.852224866  1 3.559237e-01
CAE10_120015735  0.838264300  1 3.598937e-01
CAE10_120015737  0.000000000  0 1.000000e+00
CAE10_120015761  0.000000000  0 1.000000e+00
CAE10_120015819  0.000000000  0 1.000000e+00
CAE10_120015842  0.000000000  0 1.000000e+00
CAE10_120015844  0.000000000  0 1.000000e+00
CAE10_120015845  0.000000000  0 1.000000e+00
CAE10_120015847  0.838264300  1 3.598937e-01
CAE10_120015975  0.000000000  0 1.000000e+00
CAE10_120015976  0.199218750  1 6.553522e-01
CAE10_120015985  6.750813663  1 9.370494e-03
CAE10_120015999  4.338541667  1 3.725882e-02
CAE10_120016017  0.000000000  0 1.000000e+00
CAE10_120016059  2.295957539  1 1.297112e-01
CAE10_120016140  0.000000000  0 1.000000e+00
CAE10_120016146  2.770704958  1 9.600387e-02
CAE10_120016174  0.004999510  1 9.436308e-01
CAE10_120016182  9.576666667  1 1.970659e-03
CAE10_120016216  0.000000000  0 1.000000e+00
CAE10_120016246  0.199218750  1 6.553522e-01
CAE10_120016292 27.082927795  1 1.949117e-07
CAE10_120016348  0.000000000  0 1.000000e+00
CAE10_120016349  0.000000000  0 1.000000e+00
CAE10_120016354  0.000000000  0 1.000000e+00
CAE10_120016410  0.000000000  0 1.000000e+00
CAE10_120016494  0.000000000  0 1.000000e+00
CAE10_120016509  0.000000000  0 1.000000e+00
CAE10_120016524  4.338541667  1 3.725882e-02
CAE10_120016587  0.000000000  0 1.000000e+00
CAE10_120016704  0.000000000  0 1.000000e+00
CAE10_120016715  3.413762507  1 6.465487e-02
CAE10_120016769  4.338541667  1 3.725882e-02
CAE10_120016772  0.515411103  1 4.728058e-01
CAE10_120016781  4.730144628  1 2.963839e-02
CAE10_120016786  0.000000000  0 1.000000e+00
CAE10_120016841  0.046670188  1 8.289621e-01
CAE10_120016850  0.000000000  0 1.000000e+00
CAE10_120016861  3.047407407  1 8.086614e-02
CAE10_120016882  3.757346939  1 5.257594e-02
CAE10_120016906  0.000000000  0 1.000000e+00
CAE10_120016927  5.000612182  1 2.533835e-02
CAE10_120016959  0.004999510  1 9.436308e-01
CAE10_120016960  0.000000000  0 1.000000e+00
CAE10_120017026  3.969950164  1 4.631914e-02
CAE10_120017069  3.047407407  1 8.086614e-02
CAE10_120017105  0.000000000  0 1.000000e+00
CAE10_120017107  0.000000000  0 1.000000e+00
CAE10_120017144  0.000000000  0 1.000000e+00
CAE10_120017177  0.000000000  0 1.000000e+00
CAE10_120017196  0.000000000  0 1.000000e+00
CAE10_120017234  0.000000000  0 1.000000e+00
CAE10_120017244  0.000000000  0 1.000000e+00
CAE10_120017299  0.000000000  0 1.000000e+00
CAE10_120017306  4.485089180  1 3.419176e-02
CAE10_120017367  0.000000000  0 1.000000e+00
CAE10_120017427  0.000000000  0 1.000000e+00
CAE10_120017438  0.276897507  1 5.987419e-01
CAE10_120017508  4.485089180  1 3.419176e-02
CAE10_120017595  1.850340136  1 1.737438e-01
CAE10_120017623 13.051764706  1 3.029988e-04
CAE10_120017642  0.276897507  1 5.987419e-01
CAE10_120017653  6.946927410  1 8.396332e-03
CAE10_120017667  4.485089180  1 3.419176e-02
CAE10_120017683  5.716049149  1 1.681052e-02
CAE10_120017714  0.000000000  0 1.000000e+00
CAE10_120017718  0.000000000  0 1.000000e+00
CAE10_120017719  0.000000000  0 1.000000e+00
CAE10_120017753  0.000000000  0 1.000000e+00
CAE10_120017851  6.160269320  1 1.306513e-02
CAE10_120017884  0.000000000  0 1.000000e+00
CAE10_120017897  0.000000000  0 1.000000e+00
CAE10_120017900  0.046670188  1 8.289621e-01
CAE10_120017941  0.000000000  0 1.000000e+00
CAE10_120017979  0.000000000  0 1.000000e+00
CAE10_120018106  0.199218750  1 6.553522e-01
CAE10_120018149  0.000000000  0 1.000000e+00
CAE10_120018152  0.157407407  1 6.915548e-01
CAE10_120018171  0.000000000  0 1.000000e+00
CAE10_120018182  0.000000000  0 1.000000e+00
CAE10_120018215  0.000000000  0 1.000000e+00
CAE10_120018230  9.576666667  1 1.970659e-03
CAE10_120018259  0.369397918  1 5.433326e-01
CAE10_120018298  0.000000000  0 1.000000e+00
CAE10_120018329  2.478700671  1 1.153975e-01
CAE10_120018334  0.000000000  0 1.000000e+00
CAE10_120018354  2.868959566  1 9.030323e-02
CAE10_120018355  0.000000000  0 1.000000e+00
CAE10_120018377  0.000000000  0 1.000000e+00
CAE10_120018396 10.459817677  1 1.219993e-03
CAE10_120018446 11.730424823  1 6.148656e-04
CAE10_120018476  0.369397918  1 5.433326e-01
CAE10_120018479  0.000000000  0 1.000000e+00
CAE10_120018519  0.000000000  0 1.000000e+00
CAE10_120018600  0.000000000  0 1.000000e+00
CAE10_120018620 19.745185185  1 8.848433e-06
CAE10_120018621  0.084964598  1 7.706790e-01
CAE10_120018693  0.084964598  1 7.706790e-01
CAE10_120018739  0.004999510  1 9.436308e-01
CAE10_120018787  0.135508556  1 7.127876e-01
CAE10_120018829  0.135508556  1 7.127876e-01
CAE10_120018841  0.000000000  0 1.000000e+00
CAE10_120018860  0.000000000  0 1.000000e+00
CAE10_120018942  0.000000000  0 1.000000e+00
CAE10_120018950  0.135508556  1 7.127876e-01
CAE10_120018964  0.004999510  1 9.436308e-01
CAE10_120019006  0.000000000  0 1.000000e+00
CAE10_120019012  0.000000000  0 1.000000e+00
CAE10_120019031  0.000000000  0 1.000000e+00
CAE10_120019038  0.000000000  0 1.000000e+00
CAE10_120019041  0.000000000  0 1.000000e+00
CAE10_120019092  0.046831956  1 8.286706e-01
CAE10_120019110  6.628030385  1 1.003862e-02
CAE10_120019125  0.020400000  1 8.864256e-01
CAE10_120019171  0.000000000  0 1.000000e+00
CAE10_120019187  0.000000000  0 1.000000e+00
CAE10_120019189  0.135508556  1 7.127876e-01
CAE10_120019220  0.000000000  0 1.000000e+00
CAE10_120019239  0.000000000  0 1.000000e+00
CAE10_120019253  0.000000000  0 1.000000e+00
CAE10_120019261  0.000000000  0 1.000000e+00
CAE10_120019354  0.000000000  0 1.000000e+00
CAE10_120019356  0.000000000  0 1.000000e+00
CAE10_120019357  0.004999510  1 9.436308e-01
CAE10_120019542  0.000000000  0 1.000000e+00
CAE10_120019623  0.199218750  1 6.553522e-01
CAE10_120019654  0.000000000  0 1.000000e+00
CAE10_120019681  0.000000000  0 1.000000e+00
CAE10_120019701  0.000000000  0 1.000000e+00
CAE10_120019714  0.000000000  0 1.000000e+00
CAE10_120019745  0.000000000  0 1.000000e+00
CAE10_120019838  0.000000000  0 1.000000e+00
CAE10_120019862  0.000000000  0 1.000000e+00
CAE10_120019916  0.000000000  0 1.000000e+00
CAE10_120019955  0.000000000  0 1.000000e+00
CAE10_120020039  0.199218750  1 6.553522e-01
CAE10_120020042  0.199218750  1 6.553522e-01
CAE10_120020094  0.000000000  0 1.000000e+00
CAE10_120020121  0.000000000  0 1.000000e+00
CAE10_120020192  0.000000000  0 1.000000e+00
CAE10_120020193  0.000000000  0 1.000000e+00
CAE10_120020259  0.000000000  0 1.000000e+00
CAE10_120020263  0.199218750  1 6.553522e-01
CAE10_120020282  1.767626754  1 1.836761e-01
CAE10_120020645  0.020400000  1 8.864256e-01
CAE10_120020699  0.199218750  1 6.553522e-01
CAE10_120020722  0.000000000  0 1.000000e+00
CAE10_120020787  0.004999510  1 9.436308e-01
CAE10_120020892  0.000000000  0 1.000000e+00
CAE10_120020924  0.000000000  0 1.000000e+00
CAE10_120020950  0.000000000  0 1.000000e+00
CAE10_120020956  0.199218750  1 6.553522e-01
CAE10_120021071 11.730424823  1 6.148656e-04
CAE10_120021110  0.000000000  0 1.000000e+00
CAE10_120021111  0.046831956  1 8.286706e-01
CAE10_120021169 20.526187999  1 5.882097e-06
CAE10_120021223  0.000000000  0 1.000000e+00
CAE10_120021288  0.020400000  1 8.864256e-01
CAE10_120021309  0.000000000  0 1.000000e+00
CAE10_120021329  0.000000000  0 1.000000e+00
CAE10_120021367  0.000000000  0 1.000000e+00
CAE10_120021375  0.000000000  0 1.000000e+00
CAE10_120021378  0.000000000  0 1.000000e+00
CAE10_120021477  0.000000000  0 1.000000e+00
CAE10_120021498  0.000000000  0 1.000000e+00
CAE10_120021546  0.000000000  0 1.000000e+00
CAE10_120021660  0.000000000  0 1.000000e+00
CAE10_120021665  0.000000000  0 1.000000e+00
CAE10_120021805  0.000000000  0 1.000000e+00
CAE10_120021809  0.000000000  0 1.000000e+00
CAE10_120021845  0.000000000  0 1.000000e+00
CAE10_120021865  0.000000000  0 1.000000e+00
CAE10_120021876  0.000000000  0 1.000000e+00
CAE10_120021889  0.000000000  0 1.000000e+00
CAE10_120021892  1.767626754  1 1.836761e-01
CAE10_120021897  0.000000000  0 1.000000e+00
CAE10_120021915  0.000000000  0 1.000000e+00
CAE10_120022002  0.084964598  1 7.706790e-01
CAE10_120022084  0.000000000  0 1.000000e+00
CAE10_120022106  0.000000000  0 1.000000e+00
CAE10_120022134  1.767626754  1 1.836761e-01
CAE10_120022160  0.000000000  0 1.000000e+00
CAE10_120022214  0.000000000  0 1.000000e+00
CAE10_120022279  0.000000000  0 1.000000e+00
CAE10_120022341  0.000000000  0 1.000000e+00
CAE10_120022355  5.400037793  1 2.013632e-02
CAE10_120022396  0.000000000  0 1.000000e+00
CAE10_120022426  0.000000000  0 1.000000e+00
CAE10_120022509  0.000000000  0 1.000000e+00
CAE10_120022511  0.000000000  0 1.000000e+00
CAE10_120022579  0.000000000  0 1.000000e+00
CAE10_120022593  0.000000000  0 1.000000e+00
CAE10_120022664  0.000000000  0 1.000000e+00
CAE10_120022790  0.000000000  0 1.000000e+00
CAE10_120022840  0.000000000  0 1.000000e+00
CAE10_120022849  0.000000000  0 1.000000e+00
CAE10_120022925  0.000000000  0 1.000000e+00
CAE10_120023051  0.369397918  1 5.433326e-01
CAE10_120023097  0.000000000  0 1.000000e+00
CAE10_120023112  0.000000000  0 1.000000e+00
CAE10_120023121  0.000000000  0 1.000000e+00
CAE10_120023132  0.000000000  0 1.000000e+00
CAE10_120023246  0.000000000  0 1.000000e+00
CAE10_120023268  0.199218750  1 6.553522e-01
CAE10_120023271  0.000000000  0 1.000000e+00
CAE10_120023308  0.020400000  1 8.864256e-01
CAE10_120023313  1.101360466  1 2.939677e-01
CAE10_120023354  0.000000000  0 1.000000e+00
CAE10_120023376  0.000000000  0 1.000000e+00
CAE10_120023396  0.000000000  0 1.000000e+00
CAE10_120023417  0.000000000  0 1.000000e+00
CAE10_120023476  0.000000000  0 1.000000e+00
CAE10_120023620  0.000000000  0 1.000000e+00
CAE10_120023805  0.000000000  0 1.000000e+00
CAE10_120023810  0.000000000  0 1.000000e+00
CAE10_120023876  0.000000000  0 1.000000e+00
CAE10_120023979  0.000000000  0 1.000000e+00
CAE10_120024017  0.000000000  0 1.000000e+00
CAE10_120024048  0.000000000  0 1.000000e+00
CAE10_120024071  0.000000000  0 1.000000e+00
CAE10_120024116  0.004999510  1 9.436308e-01
CAE10_120024137  0.000000000  0 1.000000e+00
CAE10_120024182  0.651720227  1 4.194983e-01
CAE10_120024185  0.000000000  0 1.000000e+00
CAE10_120024224  0.000000000  0 1.000000e+00
CAE10_120024272  0.000000000  0 1.000000e+00
CAE10_120024322  0.000000000  0 1.000000e+00
CAE10_120024365  0.004999510  1 9.436308e-01
CAE10_120024394  0.000000000  0 1.000000e+00
CAE10_120024569  0.020400000  1 8.864256e-01
CAE10_120024587  3.281475312  1 7.006592e-02
CAE10_120024615  0.000000000  0 1.000000e+00
CAE10_120024669  0.000000000  0 1.000000e+00
CAE10_120024731  0.000000000  0 1.000000e+00
CAE10_120024737  0.000000000  0 1.000000e+00
CAE10_120024776  0.000000000  0 1.000000e+00
CAE10_120024784  0.000000000  0 1.000000e+00
CAE10_120024829  0.000000000  0 1.000000e+00
CAE10_120024830  0.000000000  0 1.000000e+00
CAE10_120024856  0.000000000  0 1.000000e+00
CAE10_120024857  4.192429948  1 4.060486e-02
CAE10_120024873  0.000000000  0 1.000000e+00
CAE10_120024917  0.000000000  0 1.000000e+00
CAE10_120024924  7.476716451  1 6.250195e-03
CAE10_120024926  0.000000000  0 1.000000e+00
CAE10_120024930  0.046831956  1 8.286706e-01
CAE10_120024957  0.000000000  0 1.000000e+00
CAE10_120024990  0.000000000  0 1.000000e+00
CAE10_120025014  0.000000000  0 1.000000e+00
CAE10_120025021  0.651720227  1 4.194983e-01
CAE10_120025025  3.281475312  1 7.006592e-02
CAE10_120025141  0.004999510  1 9.436308e-01
CAE10_120025174  0.000000000  0 1.000000e+00
CAE10_120025175  0.000000000  0 1.000000e+00
CAE10_120025187 12.916122027  1 3.257641e-04
CAE10_120025199  0.000000000  0 1.000000e+00
CAE10_120025273  0.000000000  0 1.000000e+00
CAE10_120025295  0.000000000  0 1.000000e+00
CAE10_120025334  0.000000000  0 1.000000e+00
CAE10_120025348  0.000000000  0 1.000000e+00
CAE10_120025352  0.000000000  0 1.000000e+00
CAE10_120025384  0.000000000  0 1.000000e+00
CAE10_120025389  0.004999510  1 9.436308e-01
CAE10_120025395  0.004999510  1 9.436308e-01
CAE10_120025399  0.000000000  0 1.000000e+00
CAE10_120025442  0.000000000  0 1.000000e+00
CAE10_120025483  0.000000000  0 1.000000e+00
CAE10_120025508  0.000000000  0 1.000000e+00
CAE10_120025513  0.000000000  0 1.000000e+00
CAE10_120025580  0.276897507  1 5.987419e-01
CAE10_120025597  0.000000000  0 1.000000e+00
CAE10_120025602  0.000000000  0 1.000000e+00
CAE10_120025603  0.135508556  1 7.127876e-01
CAE10_120025623  0.000000000  0 1.000000e+00
CAE10_120025627  0.000000000  0 1.000000e+00
CAE10_120025684  5.000612182  1 2.533835e-02
CAE10_120025689  5.000612182  1 2.533835e-02
CAE10_120025696  0.000000000  0 1.000000e+00
CAE10_120025714  0.000000000  0 1.000000e+00
CAE10_120025719  0.000000000  0 1.000000e+00
CAE10_120025720  0.000000000  0 1.000000e+00
CAE10_120025777  0.004999510  1 9.436308e-01
CAE10_120025790  0.000000000  0 1.000000e+00
CAE10_120025859  0.000000000  0 1.000000e+00
CAE10_120025877  0.000000000  0 1.000000e+00
CAE10_120025893  0.000000000  0 1.000000e+00
CAE10_120025990  0.000000000  0 1.000000e+00
CAE10_120025996  0.000000000  0 1.000000e+00
CAE10_120026022  0.000000000  0 1.000000e+00
CAE10_120026029  0.000000000  0 1.000000e+00
CAE10_120026069  0.000000000  0 1.000000e+00
CAE10_120026138  0.000000000  0 1.000000e+00
CAE10_120026167  0.000000000  0 1.000000e+00
CAE10_120026170  8.896212512  1 2.857628e-03
CAE10_120026186  0.000000000  0 1.000000e+00
CAE10_120026226  4.926771366  1 2.644368e-02
CAE10_120026254  0.000000000  0 1.000000e+00
CAE10_120026297  0.000000000  0 1.000000e+00
CAE10_120026319  0.046831956  1 8.286706e-01
CAE10_120026323  0.838264300  1 3.598937e-01
CAE10_120026361  1.130429575  1 2.876837e-01
CAE10_120026364  0.000000000  0 1.000000e+00
CAE10_120026368  0.000000000  0 1.000000e+00
CAE10_120026374  3.281475312  1 7.006592e-02
CAE10_120026375  3.281475312  1 7.006592e-02
CAE10_120026381  0.000000000  0 1.000000e+00
CAE10_120026390  0.369397918  1 5.433326e-01
CAE10_120026411  0.221343155  1 6.380184e-01
CAE10_120026422  3.033908388  1 8.154138e-02
CAE10_120026433  0.000000000  0 1.000000e+00
CAE10_120026434  1.516052319  1 2.182179e-01
CAE10_120026445  1.088120187  1 2.968881e-01
CAE10_120026459  0.020400000  1 8.864256e-01
CAE10_120026484  0.004999510  1 9.436308e-01
CAE10_120026488  0.000000000  0 1.000000e+00
CAE10_120026489  0.020400000  1 8.864256e-01
CAE10_120026493  0.000000000  0 1.000000e+00
CAE10_120026503  0.199218750  1 6.553522e-01
CAE10_120026506  0.000000000  0 1.000000e+00
CAE10_120026507  0.000000000  0 1.000000e+00
CAE10_120026517  0.276897507  1 5.987419e-01
CAE10_120026534  0.000000000  0 1.000000e+00
CAE10_120026538  0.000000000  0 1.000000e+00
CAE10_120026540  0.476402158  1 4.900565e-01
CAE10_120026550  0.000000000  0 1.000000e+00
CAE10_120026551  0.000000000  0 1.000000e+00
CAE10_120026553  1.922975610  1 1.655290e-01
CAE10_120026556  0.000000000  0 1.000000e+00
CAE10_120026585  0.199218750  1 6.553522e-01
CAE10_120026588  0.000000000  0 1.000000e+00
CAE10_120026590  3.047407407  1 8.086614e-02
CAE10_120026600  0.602551985  1 4.376060e-01
CAE10_120026627  3.047407407  1 8.086614e-02
CAE10_120026642  0.000000000  0 1.000000e+00
CAE10_120026644  0.000000000  0 1.000000e+00
CAE10_120026647  0.000000000  0 1.000000e+00
CAE10_120026656  0.135508556  1 7.127876e-01
CAE10_120026658  0.000000000  0 1.000000e+00
CAE10_120026660  0.000000000  0 1.000000e+00
CAE10_120026670  0.000000000  0 1.000000e+00
CAE10_120026690  0.000000000  0 1.000000e+00
CAE10_120026695  0.000000000  0 1.000000e+00
CAE10_120026752  4.485089180  1 3.419176e-02
CAE10_120026756  0.345882353  1 5.564533e-01
CAE10_120026759  0.000000000  0 1.000000e+00
CAE10_120026787  4.485089180  1 3.419176e-02
CAE10_120026804  0.000000000  0 1.000000e+00
CAE10_120026863  0.000000000  0 1.000000e+00
CAE10_120026870  0.135508556  1 7.127876e-01
CAE10_120026871  0.000000000  0 1.000000e+00
CAE10_120026886  0.000000000  0 1.000000e+00
CAE10_120026988  0.000000000  0 1.000000e+00
CAE10_120027077  0.000000000  0 1.000000e+00
CAE10_120027150  0.000000000  0 1.000000e+00
CAE10_120027183  0.000000000  0 1.000000e+00
CAE10_120027257  0.084964598  1 7.706790e-01
CAE10_120027267  0.004999510  1 9.436308e-01
CAE10_120027277  3.413762507  1 6.465487e-02
CAE10_120027282  3.413762507  1 6.465487e-02
CAE10_120027290  0.000000000  0 1.000000e+00
CAE10_120027298  3.921070605  1 4.768450e-02
CAE10_120027313  0.000000000  0 1.000000e+00
CAE10_120027326  0.046831956  1 8.286706e-01
CAE10_120027330  0.000000000  0 1.000000e+00
CAE10_120027380  0.046831956  1 8.286706e-01
CAE10_120027381  0.000000000  0 1.000000e+00
CAE10_120027382  0.084964598  1 7.706790e-01
CAE10_120027385  0.000000000  0 1.000000e+00
CAE10_120027426  0.000000000  0 1.000000e+00
CAE10_120027432  0.276897507  1 5.987419e-01
CAE10_120027468  0.000000000  0 1.000000e+00
CAE10_120027470  0.000000000  0 1.000000e+00
CAE10_120027471  0.000000000  0 1.000000e+00
CAE10_120027494  0.651720227  1 4.194983e-01
CAE10_120027511  0.000000000  0 1.000000e+00
CAE10_120027522  0.020400000  1 8.864256e-01
CAE10_120027523  0.000000000  0 1.000000e+00
CAE10_120027581  0.000000000  0 1.000000e+00
CAE10_120027589  0.477627471  1 4.894989e-01
CAE10_120027634  0.000000000  0 1.000000e+00
CAE10_120027640  0.004999510  1 9.436308e-01
CAE10_120027660  0.000000000  0 1.000000e+00
CAE10_120027670  0.199218750  1 6.553522e-01
CAE10_120027678  0.000000000  0 1.000000e+00
CAE10_120027706  0.000000000  0 1.000000e+00
CAE10_120027707  0.045300449  1 8.314525e-01
CAE10_120027749  0.651720227  1 4.194983e-01
CAE10_120027786  0.004999510  1 9.436308e-01
CAE10_120027793  0.000000000  0 1.000000e+00
CAE10_120027794  0.000000000  0 1.000000e+00
CAE10_120027798  0.000000000  0 1.000000e+00
CAE10_120027827  0.000000000  0 1.000000e+00
CAE10_120027828  0.004999510  1 9.436308e-01
CAE10_120027911  0.000000000  0 1.000000e+00
CAE10_120028008  4.208641160  1 4.021854e-02
CAE10_120028029 12.484745822  1 4.102885e-04
CAE10_120028039  2.843039453  1 9.177047e-02
CAE10_120028060  0.000000000  0 1.000000e+00
CAE10_120028067  2.843039453  1 9.177047e-02
CAE10_120028068  0.000000000  0 1.000000e+00
CAE10_120028230  0.000000000  0 1.000000e+00
CAE10_120028234  0.000000000  0 1.000000e+00
CAE10_120028322  0.000000000  0 1.000000e+00
CAE10_120028352  0.000000000  0 1.000000e+00
CAE10_120028384  0.084698460  1 7.710284e-01
CAE10_120028404  0.000000000  0 1.000000e+00
CAE10_120028451  0.000000000  0 1.000000e+00
CAE10_120028474  0.000000000  0 1.000000e+00
CAE10_120028523  0.000000000  0 1.000000e+00
CAE10_120028548  0.000000000  0 1.000000e+00
CAE10_120028549  0.000000000  0 1.000000e+00
CAE10_120028562  0.000000000  0 1.000000e+00
CAE10_120028606  0.000000000  0 1.000000e+00
CAE10_120028666  0.000000000  0 1.000000e+00
CAE10_120028670  0.000000000  0 1.000000e+00
CAE10_120028684  0.350637375  1 5.537525e-01
CAE10_120028717  0.000000000  0 1.000000e+00
CAE10_120028725  6.332789116  1 1.185258e-02
CAE10_120028751  0.000000000  0 1.000000e+00
CAE10_120028784  0.000000000  0 1.000000e+00
CAE10_120028803  0.000000000  0 1.000000e+00
CAE10_120028847 21.985001530  1 2.747895e-06
CAE10_120028858  0.350637375  1 5.537525e-01
CAE10_120028964  0.000000000  0 1.000000e+00
CAE10_120028965  0.000000000  0 1.000000e+00
CAE10_120028967  0.000000000  0 1.000000e+00
CAE10_120028969  0.000000000  0 1.000000e+00
CAE10_120029228  6.332789116  1 1.185258e-02
CAE10_120029247  0.000000000  0 1.000000e+00
CAE10_120029249  0.004999510  1 9.436308e-01
CAE10_120029268  0.000000000  0 1.000000e+00
CAE10_120029301  0.000000000  0 1.000000e+00
CAE10_120029340  6.332789116  1 1.185258e-02
CAE10_120029366  0.000000000  0 1.000000e+00
CAE10_120029384  0.000000000  0 1.000000e+00
CAE10_120029402  0.000000000  0 1.000000e+00
CAE10_120029427  6.332789116  1 1.185258e-02
CAE10_120029468  0.000000000  0 1.000000e+00
CAE10_120029480  0.000000000  0 1.000000e+00
CAE10_120029565  0.000000000  0 1.000000e+00
CAE10_120029694  0.000000000  0 1.000000e+00
CAE10_120029699  0.199218750  1 6.553522e-01
CAE10_120029735  0.000000000  0 1.000000e+00
CAE10_120029811  0.000000000  0 1.000000e+00
CAE10_120029889  0.000000000  0 1.000000e+00
CAE10_120029931  0.000000000  0 1.000000e+00
CAE10_120029965  0.157407407  1 6.915548e-01
CAE10_120029999  0.000000000  0 1.000000e+00
CAE10_120030016  0.000000000  0 1.000000e+00
CAE10_120030041  0.000000000  0 1.000000e+00
CAE10_120030119 17.171010517  1 3.416099e-05
CAE10_120030132  0.000000000  0 1.000000e+00
CAE10_120030214  0.004999510  1 9.436308e-01
CAE10_120030232  0.004999510  1 9.436308e-01
CAE10_120030320  0.000000000  0 1.000000e+00
CAE10_120030334  0.000000000  0 1.000000e+00
CAE10_120030390  0.000000000  0 1.000000e+00
CAE10_120030455  0.000000000  0 1.000000e+00
CAE10_120030456  0.350637375  1 5.537525e-01
CAE10_120030481  0.000000000  0 1.000000e+00
CAE10_120030591  0.000000000  0 1.000000e+00
CAE10_120030607  5.109287395  1 2.379809e-02
CAE10_120030608  0.000000000  0 1.000000e+00
CAE10_120030618  0.000000000  0 1.000000e+00
CAE10_120030695  0.000000000  0 1.000000e+00
CAE10_120030726  0.000000000  0 1.000000e+00
CAE10_120030727  0.157407407  1 6.915548e-01
CAE10_120030748  0.000000000  0 1.000000e+00
CAE10_120030751  5.109287395  1 2.379809e-02
CAE10_120030889  0.157407407  1 6.915548e-01
CAE10_120030911  0.000000000  0 1.000000e+00
CAE10_120031104  0.000000000  0 1.000000e+00
CAE10_120031195  0.000000000  0 1.000000e+00
CAE10_120031211  0.000000000  0 1.000000e+00
CAE10_120031224  0.745199855  1 3.880003e-01
CAE10_120031253  0.000000000  0 1.000000e+00
CAE10_120031261  0.000000000  0 1.000000e+00
CAE10_120031270  0.000000000  0 1.000000e+00
CAE10_120031396  0.000000000  0 1.000000e+00
CAE10_120031408  0.000000000  0 1.000000e+00
CAE10_120031415  0.157407407  1 6.915548e-01
CAE10_120031425  0.000000000  0 1.000000e+00
CAE10_120031464  1.545657198  1 2.137777e-01
CAE10_120031465  0.000000000  0 1.000000e+00
CAE10_120031540  0.000000000  0 1.000000e+00
CAE10_120031545  0.000000000  0 1.000000e+00
CAE10_120031590  0.000000000  0 1.000000e+00
CAE10_120031629  0.000000000  0 1.000000e+00
CAE10_120031656  0.000000000  0 1.000000e+00
CAE10_120031683  0.000000000  0 1.000000e+00
CAE10_120031714  1.101360466  1 2.939677e-01
CAE10_120031736  0.000000000  0 1.000000e+00
CAE10_120031744  0.000000000  0 1.000000e+00
CAE10_120031764  0.000000000  0 1.000000e+00
CAE10_120031766  1.101360466  1 2.939677e-01
CAE10_120031810  0.000000000  0 1.000000e+00
CAE10_120031994  0.000000000  0 1.000000e+00
CAE10_120032009  7.784213975  1 5.270472e-03
CAE10_120032058  4.485089180  1 3.419176e-02
CAE10_120032121  0.000000000  0 1.000000e+00
CAE10_120032122  0.000000000  0 1.000000e+00
CAE10_120032137  0.000000000  0 1.000000e+00
CAE10_120032193  0.000000000  0 1.000000e+00
CAE10_120032195  9.015883264  1 2.676435e-03
CAE10_120032215 15.273141694  1 9.302992e-05
CAE10_120032254  0.000000000  0 1.000000e+00
CAE10_120032276  0.000000000  0 1.000000e+00
CAE10_120032278  0.000000000  0 1.000000e+00
CAE10_120032342  0.106418346  1 7.442592e-01
CAE10_120032351  0.000000000  0 1.000000e+00
CAE10_120032393  0.000000000  0 1.000000e+00
CAE10_120032394  0.000000000  0 1.000000e+00
CAE10_120032433  0.020400000  1 8.864256e-01
CAE10_120032488  0.004999510  1 9.436308e-01
CAE10_120032515 15.722442875  1 7.334871e-05
CAE10_120032608  0.000000000  0 1.000000e+00
CAE10_120032653 11.988980716  1 5.351605e-04
CAE10_120032757  0.157407407  1 6.915548e-01
CAE10_120032812  0.000000000  0 1.000000e+00
CAE10_120032823  0.000000000  0 1.000000e+00
CAE10_120032848  0.000000000  0 1.000000e+00
CAE10_120032898  0.000000000  0 1.000000e+00
CAE10_120032989  0.000000000  0 1.000000e+00
CAE10_120033002  0.000000000  0 1.000000e+00
CAE10_120033009  0.000000000  0 1.000000e+00
CAE10_120033017  5.814808568  1 1.589178e-02
CAE10_120033031  0.000000000  0 1.000000e+00
CAE10_120033087  0.000000000  0 1.000000e+00
CAE10_120033092  0.000000000  0 1.000000e+00
CAE10_120033102  0.000000000  0 1.000000e+00
CAE10_120033110  0.000000000  0 1.000000e+00
CAE10_120033129  0.000000000  0 1.000000e+00
CAE10_120033149  0.000000000  0 1.000000e+00
CAE10_120033176  0.000000000  0 1.000000e+00
CAE10_120033213  1.101360466  1 2.939677e-01
CAE10_120033255 15.273141694  1 9.302992e-05
CAE10_120033398  0.004999510  1 9.436308e-01
CAE10_120033412  0.000000000  0 1.000000e+00
CAE10_120033502  0.000000000  0 1.000000e+00
CAE10_120033540  0.000000000  0 1.000000e+00
CAE10_120033574  0.000000000  0 1.000000e+00
CAE10_120033590  0.000000000  0 1.000000e+00
CAE10_120033630  0.000000000  0 1.000000e+00
CAE10_120033631  0.000000000  0 1.000000e+00
CAE10_120033647  0.000000000  0 1.000000e+00
CAE10_120033651  0.004999510  1 9.436308e-01
CAE10_120033707  0.000000000  0 1.000000e+00
CAE10_120033730  0.020400000  1 8.864256e-01
CAE10_120033744  0.000000000  0 1.000000e+00
CAE10_120033776  0.000000000  0 1.000000e+00
CAE10_120033777  0.000000000  0 1.000000e+00
CAE10_120033914  0.000000000  0 1.000000e+00
CAE10_120033952  0.000000000  0 1.000000e+00
CAE10_120033955  0.000000000  0 1.000000e+00
CAE10_120033958  0.000000000  0 1.000000e+00
CAE10_120034079  0.000000000  0 1.000000e+00
CAE10_120034100  0.000000000  0 1.000000e+00
CAE10_120034109  4.338541667  1 3.725882e-02
CAE10_120034116  1.101360466  1 2.939677e-01
CAE10_120034117  0.000000000  0 1.000000e+00
CAE10_120034143  0.000000000  0 1.000000e+00
CAE10_120034151  0.000000000  0 1.000000e+00
CAE10_120034159  3.313725490  1 6.870357e-02
CAE10_120034160  3.313725490  1 6.870357e-02
CAE10_120034177  0.000000000  0 1.000000e+00
CAE10_120034212  2.770704958  1 9.600387e-02
CAE10_120034268  0.000000000  0 1.000000e+00
CAE10_120034407  1.101360466  1 2.939677e-01
CAE10_120034436  0.000000000  0 1.000000e+00
CAE10_120034466  0.046831956  1 8.286706e-01
CAE10_120034470  0.000000000  0 1.000000e+00
CAE10_120034530  0.004999510  1 9.436308e-01
CAE10_120034541  2.770704958  1 9.600387e-02
CAE10_120034543  0.000000000  0 1.000000e+00
CAE10_120034544  0.000000000  0 1.000000e+00
CAE10_120034592  0.000000000  0 1.000000e+00
CAE10_120034599  0.004999510  1 9.436308e-01
CAE10_120034606  1.101360466  1 2.939677e-01
CAE10_120034607  0.000000000  0 1.000000e+00
CAE10_120034626  0.000000000  0 1.000000e+00
CAE10_120034637 21.985001530  1 2.747895e-06
CAE10_120034650  0.000000000  0 1.000000e+00
CAE10_120034656  0.000000000  0 1.000000e+00
CAE10_120034669  0.000000000  0 1.000000e+00
CAE10_120034674  0.000000000  0 1.000000e+00
CAE10_120034728  5.909063763  1 1.506318e-02
CAE10_120034831  5.814808568  1 1.589178e-02
CAE10_120034876  0.000000000  0 1.000000e+00
CAE10_120034981  0.000000000  0 1.000000e+00
CAE10_120035002  0.004999510  1 9.436308e-01
CAE10_120035030  0.000000000  0 1.000000e+00
CAE10_120035062 15.273141694  1 9.302992e-05
CAE10_120035105  0.000000000  0 1.000000e+00
CAE10_120035186  0.000000000  0 1.000000e+00
CAE10_120035195  4.338541667  1 3.725882e-02
CAE10_120035234  0.000000000  0 1.000000e+00
CAE10_120035242  0.000000000  0 1.000000e+00
CAE10_120035271  0.000000000  0 1.000000e+00
CAE10_120035286  3.462317593  1 6.278226e-02
CAE10_120035308  0.004999510  1 9.436308e-01
CAE10_120035324  0.004999510  1 9.436308e-01
CAE10_120035335  0.000000000  0 1.000000e+00
CAE10_120035341  0.004999510  1 9.436308e-01
CAE10_120035382  0.004999510  1 9.436308e-01
CAE10_120035445  0.000000000  0 1.000000e+00
CAE10_120035472  0.084964598  1 7.706790e-01
CAE10_120035484  0.369397918  1 5.433326e-01
CAE10_120035498  0.000000000  0 1.000000e+00
CAE10_120035499  0.004999510  1 9.436308e-01
CAE10_120035530  0.000000000  0 1.000000e+00
CAE10_120035618  4.192429948  1 4.060486e-02
CAE10_120035639  0.000000000  0 1.000000e+00
CAE10_120035650  0.000000000  0 1.000000e+00
CAE10_120035693  4.411764706  1 3.569190e-02
CAE10_120035720  0.004999510  1 9.436308e-01
CAE10_120035724  0.004999510  1 9.436308e-01
CAE10_120035725  0.000000000  0 1.000000e+00
CAE10_120035785  0.000000000  0 1.000000e+00
CAE10_120035812  0.046831956  1 8.286706e-01
CAE10_120035949  7.386385615  1 6.571942e-03
CAE10_120036060  0.000000000  0 1.000000e+00
CAE10_120036096  0.000000000  0 1.000000e+00
CAE10_120036134  0.000000000  0 1.000000e+00
CAE10_120036227  0.000000000  0 1.000000e+00
CAE10_120036313  0.000000000  0 1.000000e+00
CAE10_120036329  0.000000000  0 1.000000e+00
CAE10_120036433  0.000000000  0 1.000000e+00
CAE10_120036435  0.000000000  0 1.000000e+00
CAE10_120036463  0.000000000  0 1.000000e+00
CAE10_120036495  0.004999510  1 9.436308e-01
CAE10_120036524  0.000000000  0 1.000000e+00
CAE10_120036526  0.000000000  0 1.000000e+00
CAE10_120036556  0.000000000  0 1.000000e+00
CAE10_120036581  0.000000000  0 1.000000e+00
CAE10_120036632  0.000000000  0 1.000000e+00
CAE10_120036633  0.000000000  0 1.000000e+00
CAE10_120036645  0.000000000  0 1.000000e+00
CAE10_120036651  0.000000000  0 1.000000e+00
CAE10_120036670  0.004999510  1 9.436308e-01
CAE10_120036697  3.462317593  1 6.278226e-02
CAE10_120036707  3.462317593  1 6.278226e-02
CAE10_120036713  0.004999510  1 9.436308e-01
CAE10_120036744  0.000000000  0 1.000000e+00
CAE10_120036794  0.000000000  0 1.000000e+00
CAE10_120036812  0.000000000  0 1.000000e+00
CAE10_120036833  0.004999510  1 9.436308e-01
CAE10_120036848  0.046831956  1 8.286706e-01
CAE10_120036888  1.767626754  1 1.836761e-01
CAE10_120036897  0.000000000  0 1.000000e+00
CAE10_120036962  0.004999510  1 9.436308e-01
CAE10_120036969  0.020400000  1 8.864256e-01
CAE10_120036981  0.000000000  0 1.000000e+00
CAE10_120037004 10.806500378  1 1.011443e-03
CAE10_120037019  0.000000000  0 1.000000e+00
CAE10_120037132  0.004999510  1 9.436308e-01
CAE10_120037161  0.004999510  1 9.436308e-01
CAE10_120037200  0.000000000  0 1.000000e+00
CAE10_120037202  0.276897507  1 5.987419e-01
CAE10_120037219  0.000000000  0 1.000000e+00
CAE10_120037220  0.000000000  0 1.000000e+00
CAE10_120037324  0.000000000  0 1.000000e+00
CAE10_120037388  4.208641160  1 4.021854e-02
CAE10_120037410  1.147500000  1 2.840731e-01
CAE10_120037495  5.857129630  1 1.551407e-02
CAE10_120037550  9.576666667  1 1.970659e-03
CAE10_120037610  0.000000000  0 1.000000e+00
CAE10_120037620  0.000000000  0 1.000000e+00
CAE10_120037634  0.004999510  1 9.436308e-01
CAE10_120037635  0.000000000  0 1.000000e+00
CAE10_120037639  3.439050468  1 6.367228e-02
CAE10_120037671 21.985001530  1 2.747895e-06
CAE10_120037768  0.000000000  0 1.000000e+00
CAE10_120037813  0.000000000  0 1.000000e+00
CAE10_120037842  0.000000000  0 1.000000e+00
CAE10_120037869  0.000000000  0 1.000000e+00
CAE10_120037917  7.120023500  1 7.622771e-03
CAE10_120037924  7.120023500  1 7.622771e-03
CAE10_120037969  0.000000000  0 1.000000e+00
CAE10_120037978  0.000000000  0 1.000000e+00
CAE10_120038003  0.000000000  0 1.000000e+00
CAE10_120038017  7.120023500  1 7.622771e-03
CAE10_120038045  0.004999510  1 9.436308e-01
CAE10_120038046  6.076793416  1 1.369692e-02
CAE10_120038048  7.120023500  1 7.622771e-03
CAE10_120038049  0.000000000  0 1.000000e+00
CAE10_120038087  0.000000000  0 1.000000e+00
CAE10_120038089  7.120023500  1 7.622771e-03
CAE10_120038109  0.000000000  0 1.000000e+00
CAE10_120038132  0.000000000  0 1.000000e+00
CAE10_120038138  7.120023500  1 7.622771e-03
CAE10_120038169  0.000000000  0 1.000000e+00
CAE10_120038205  0.000000000  0 1.000000e+00
CAE10_120038253  0.046831956  1 8.286706e-01
CAE10_120038291  0.000000000  0 1.000000e+00
CAE10_120038303  7.120023500  1 7.622771e-03
CAE10_120038306  7.461565070  1 6.303018e-03
CAE10_120038319  0.004999510  1 9.436308e-01
CAE10_120038407  7.120023500  1 7.622771e-03
CAE10_120038520  0.000000000  0 1.000000e+00
CAE10_120038573 10.806500378  1 1.011443e-03
CAE10_120038581  0.000000000  0 1.000000e+00
CAE10_120038654  0.004999510  1 9.436308e-01
CAE10_120038700  0.020400000  1 8.864256e-01
CAE10_120038818  0.000000000  0 1.000000e+00
CAE10_120038834  0.000000000  0 1.000000e+00
CAE10_120038848  0.369397918  1 5.433326e-01
CAE10_120038982  5.814808568  1 1.589178e-02
CAE10_120039061  0.157407407  1 6.915548e-01
CAE10_120039079  8.905895987  1 2.842514e-03
CAE10_120039080  0.000000000  0 1.000000e+00
CAE10_120039128  5.814808568  1 1.589178e-02
CAE10_120039136  0.000000000  0 1.000000e+00
CAE10_120039179  0.000000000  0 1.000000e+00
CAE10_120039192  0.000000000  0 1.000000e+00
CAE10_120039223 10.806500378  1 1.011443e-03
CAE10_120039288  0.350637375  1 5.537525e-01
CAE10_120039345  0.000000000  0 1.000000e+00
CAE10_120039408  0.000000000  0 1.000000e+00
CAE10_120039569  7.120023500  1 7.622771e-03
CAE10_120039654  0.000000000  0 1.000000e+00
CAE10_120039657  0.000000000  0 1.000000e+00
CAE10_120039729  4.338541667  1 3.725882e-02
CAE10_120039793  0.000000000  0 1.000000e+00
CAE10_120040007  0.013206500  1 9.085089e-01
CAE10_120040012  0.000000000  0 1.000000e+00
CAE10_120040022  0.020400000  1 8.864256e-01
CAE10_120040023  0.020400000  1 8.864256e-01
CAE10_120040045  0.000000000  0 1.000000e+00
CAE10_120040063  0.000000000  0 1.000000e+00
CAE10_120040148  0.000000000  0 1.000000e+00
CAE10_120040190  0.000000000  0 1.000000e+00
CAE10_120040328  0.000000000  0 1.000000e+00
CAE10_120040393  0.000000000  0 1.000000e+00
CAE10_120040467  0.000000000  0 1.000000e+00
CAE10_120040487  7.120023500  1 7.622771e-03
CAE10_120040511  0.000000000  0 1.000000e+00
CAE10_120040512  0.000000000  0 1.000000e+00
CAE10_120040513  0.000000000  0 1.000000e+00
CAE10_120040529  0.000000000  0 1.000000e+00
CAE10_120040571  0.000000000  0 1.000000e+00
CAE10_120040584  0.000000000  0 1.000000e+00
CAE10_120040652  0.000000000  0 1.000000e+00
CAE10_120040685  0.000000000  0 1.000000e+00
CAE10_120040686  7.120023500  1 7.622771e-03
CAE10_120040693  0.000000000  0 1.000000e+00
CAE10_120040697  0.000000000  0 1.000000e+00
CAE10_120040771  7.120023500  1 7.622771e-03
CAE10_120040843  0.000000000  0 1.000000e+00
CAE10_120040999  5.814808568  1 1.589178e-02
CAE10_120041137 10.806500378  1 1.011443e-03
CAE10_120041138  0.000000000  0 1.000000e+00
CAE10_120041147  0.000000000  0 1.000000e+00
CAE10_120041182  2.770704958  1 9.600387e-02
CAE10_120041221  0.004999510  1 9.436308e-01
CAE10_120041227  5.814808568  1 1.589178e-02
CAE10_120041297  0.000000000  0 1.000000e+00
CAE10_120041309  0.000000000  0 1.000000e+00
CAE10_120041312  0.000000000  0 1.000000e+00
CAE10_120041339  0.000000000  0 1.000000e+00
CAE10_120041369  0.000000000  0 1.000000e+00
CAE10_120041479  0.000000000  0 1.000000e+00
CAE10_120041486  0.000000000  0 1.000000e+00
CAE10_120041531  0.000000000  0 1.000000e+00
CAE10_120041691  0.000000000  0 1.000000e+00
CAE10_120041736  7.120023500  1 7.622771e-03
CAE10_120041750  0.000000000  0 1.000000e+00
CAE10_120041871  0.004999510  1 9.436308e-01
CAE10_120041903  0.000000000  0 1.000000e+00
CAE10_120041950  7.120023500  1 7.622771e-03
CAE10_120041951  0.084964598  1 7.706790e-01
CAE10_120041992  0.000000000  0 1.000000e+00
CAE10_120042079  0.000000000  0 1.000000e+00
CAE10_120042400  0.000000000  0 1.000000e+00
CAE10_120042508  7.120023500  1 7.622771e-03
CAE10_120042546  0.000000000  0 1.000000e+00
CAE10_120042557  9.630145526  1 1.914094e-03
CAE10_120042661  2.770704958  1 9.600387e-02
CAE10_120042750  0.477627471  1 4.894989e-01
CAE10_120042777  0.000000000  0 1.000000e+00
CAE10_120042792  0.000000000  0 1.000000e+00
CAE10_120042810  0.000000000  0 1.000000e+00
CAE10_120042845  5.000612182  1 2.533835e-02
CAE10_120042854  0.000000000  0 1.000000e+00
CAE10_120043011  6.160269320  1 1.306513e-02
CAE10_120043073  5.814808568  1 1.589178e-02
CAE10_120043091  0.000000000  0 1.000000e+00
CAE10_120043131  0.000000000  0 1.000000e+00
CAE10_120043149  0.000000000  0 1.000000e+00
CAE10_120043183  0.000000000  0 1.000000e+00
CAE10_120043193  0.000000000  0 1.000000e+00
CAE10_120043227  4.338541667  1 3.725882e-02
CAE10_120043295  0.000000000  0 1.000000e+00
CAE10_120043315  0.000000000  0 1.000000e+00
CAE10_120043339  0.000000000  0 1.000000e+00
CAE10_120043399  0.000000000  0 1.000000e+00
CAE10_120043443  0.000000000  0 1.000000e+00
CAE10_120043448  2.770704958  1 9.600387e-02
CAE10_120043463  0.020400000  1 8.864256e-01
CAE10_120043465  0.000000000  0 1.000000e+00
CAE10_120043475  0.000000000  0 1.000000e+00
CAE10_120043538  0.000000000  0 1.000000e+00
CAE10_120043598  0.000000000  0 1.000000e+00
CAE10_120043629  0.157407407  1 6.915548e-01
CAE10_120043630  0.000000000  0 1.000000e+00
CAE10_120043673  0.000000000  0 1.000000e+00
CAE10_120043674  0.000000000  0 1.000000e+00
CAE10_120043675  0.000000000  0 1.000000e+00
CAE10_120043712  6.946927410  1 8.396332e-03
CAE10_120043780  0.000000000  0 1.000000e+00
CAE10_120043789  0.000000000  0 1.000000e+00
CAE10_120043809  0.000000000  0 1.000000e+00
CAE10_120043845  0.000000000  0 1.000000e+00
CAE10_120043861  0.000000000  0 1.000000e+00
CAE10_120043862  0.000000000  0 1.000000e+00
CAE10_120043941  0.000000000  0 1.000000e+00
CAE10_120044092  0.000000000  0 1.000000e+00
CAE10_120044198  0.000000000  0 1.000000e+00
CAE10_120044259  5.814808568  1 1.589178e-02
CAE10_120044271  0.000000000  0 1.000000e+00
CAE10_120044445  5.814808568  1 1.589178e-02
CAE10_120044479  0.000000000  0 1.000000e+00
CAE10_120044514  0.000000000  0 1.000000e+00
CAE10_120044635  0.046831956  1 8.286706e-01
CAE10_120044721  0.000000000  0 1.000000e+00
CAE10_120044737  8.609047731  1 3.344971e-03
CAE10_120044738  0.000000000  0 1.000000e+00
CAE10_120044748  0.000000000  0 1.000000e+00
CAE10_120044749  2.770704958  1 9.600387e-02
CAE10_120044955  0.000000000  0 1.000000e+00
CAE10_120045044  0.000000000  0 1.000000e+00
CAE10_120045059  0.000000000  0 1.000000e+00
CAE10_120045081  0.000000000  0 1.000000e+00
CAE10_120045118  0.000000000  0 1.000000e+00
CAE10_120045127  0.004999510  1 9.436308e-01
CAE10_120045135  0.000000000  0 1.000000e+00
CAE10_120045187  0.000000000  0 1.000000e+00
CAE10_120045252  4.338541667  1 3.725882e-02
CAE10_120045268  0.000000000  0 1.000000e+00
CAE10_120045275  4.192429948  1 4.060486e-02
CAE10_120045291  0.000000000  0 1.000000e+00
CAE10_120045326  0.000000000  0 1.000000e+00
CAE10_120045367  0.000000000  0 1.000000e+00
CAE10_120045382  1.545657198  1 2.137777e-01
CAE10_120045387  0.000000000  0 1.000000e+00
CAE10_120045395  4.403623669  1 3.586265e-02
CAE10_120045428  0.004999510  1 9.436308e-01
CAE10_120045434  0.000000000  0 1.000000e+00
CAE10_120045437  0.000000000  0 1.000000e+00
CAE10_120045454  0.000000000  0 1.000000e+00
CAE10_120045479  0.515411103  1 4.728058e-01
CAE10_120045506  7.476716451  1 6.250195e-03
CAE10_120045524 10.806500378  1 1.011443e-03
CAE10_120045546  0.000000000  0 1.000000e+00
CAE10_120045612  0.000000000  0 1.000000e+00
CAE10_120045615  5.353002975  1 2.068661e-02
CAE10_120045622  4.192429948  1 4.060486e-02
CAE10_120045630  2.147350312  1 1.428162e-01
CAE10_120045673  0.000000000  0 1.000000e+00
CAE10_120045698  7.476716451  1 6.250195e-03
CAE10_120045708  0.000000000  0 1.000000e+00
CAE10_120045728  0.000000000  0 1.000000e+00
CAE10_120045761  0.000000000  0 1.000000e+00
CAE10_120045773 13.081155047  1 2.982815e-04
CAE10_120045776  5.814808568  1 1.589178e-02
CAE10_120045834  7.476716451  1 6.250195e-03
CAE10_120045888  0.000000000  0 1.000000e+00
CAE10_120045934  0.000000000  0 1.000000e+00
CAE10_120045942  5.814808568  1 1.589178e-02
CAE10_120046003  5.814808568  1 1.589178e-02
CAE10_120046062  0.000000000  0 1.000000e+00
CAE10_120046162  0.000000000  0 1.000000e+00
CAE10_120046200  0.000000000  0 1.000000e+00
CAE10_120046254  2.299831547  1 1.293880e-01
CAE10_120046258  0.004999510  1 9.436308e-01
CAE10_120046259  4.192429948  1 4.060486e-02
CAE10_120046262  4.485089180  1 3.419176e-02
CAE10_120046285  0.000000000  0 1.000000e+00
CAE10_120046323  0.000000000  0 1.000000e+00
CAE10_120046334  0.000000000  0 1.000000e+00
CAE10_120046344  2.770704958  1 9.600387e-02
CAE10_120046359  4.485089180  1 3.419176e-02
CAE10_120046365  3.281475312  1 7.006592e-02
CAE10_120046424  0.000000000  0 1.000000e+00
CAE10_120046450  0.276897507  1 5.987419e-01
CAE10_120046457  4.192429948  1 4.060486e-02
CAE10_120046459  0.000000000  0 1.000000e+00
CAE10_120046615  0.000000000  0 1.000000e+00
CAE10_120046620  5.814808568  1 1.589178e-02
CAE10_120046643  5.814808568  1 1.589178e-02
CAE10_120046680  4.338541667  1 3.725882e-02
CAE10_120046759  0.000000000  0 1.000000e+00
CAE10_120046834  5.814808568  1 1.589178e-02
CAE10_120046889  4.485089180  1 3.419176e-02
CAE10_120046930  0.000000000  0 1.000000e+00
CAE10_120047083  0.000000000  0 1.000000e+00
CAE10_120047098  0.000000000  0 1.000000e+00
CAE10_120047180  3.757346939  1 5.257594e-02
CAE10_120047271  0.000000000  0 1.000000e+00
CAE10_120047272  0.000000000  0 1.000000e+00
CAE10_120047521 15.722442875  1 7.334871e-05
CAE10_120047546  7.386385615  1 6.571942e-03
